2179522
3356896
4330482
4864590
5283152
5891667
8038679
8889776
9069000
10760440
11114732
11743952
11814555
12047794
12159808
12243999
12244000
12300570
12459406
12520364
13217637
13287210
14029313
14334629
14383540
14396881
14683600
14689597
14689598
15199017
15274915
15537394
15538827
15752489
16146267
16257471
17034869
17034870
17666333
18426253
18988207
19426587
19469097
19469098
19469099
19469101
19505152
19606598
19606599
19638737
19716145
19737292
19860366
19917570
19929064
19932148
19932703
19932810
19933122
19933597
19934116
